Age, numeric, 53 67 54 66 50 55 72 58 60 80 70 59 41 68 65 47 56 52 69 76 46 40 43 73 51 57 61 48 81 30 62 49 86 75 71 63 77 64 74 36 79 45 44 42 85 38
Weight, numeric, 90 70 54 67 87 75 80 84 71 63 81 68 59 89 72 66 74 73 51 61 76 79 65 56 55 78 120 88 85 50 57 58 77 82 60 69 64 98 93 53 62 92 97 83 91 86 103 48 108 100 102 95 94 105
Length, numeric, 175 157 164 158 153 165 163 170 168 151 154 155 167 169 161 150 173 148 156 180 174 162 186 171 149 160 172 166 177 183 159 144 178 181 147 152 179 176 187 188 185 184 140 145
Sex, character, Male Fmale
BMI, numeric, 29.3877551020408 28.3987180007303 20.0773349196907 26.8386476526198 37.1651928745354 24.4897959183673 29.3847566574839 26.1224489795918 31.6157928412812 24.5674740484429 26.5731292517007 28.6214703746422 30.7004078768475 26.5643447461629 26.2226847034339 29.0437089892072 23.8086901719128 22.7614675359747 33.4976852723098 32 29.0657439446367 39.0333757291347 25.9515570934256 25.4619806334632 24.5389649018441 27.5133848899465 24.3910588392529 29.7520661157025 23.2834185536888 27.1111111111111 30.818540433925 22.8395061728395 33.7777777777778 26.0932752014797 28.6851446806985 32.0389593745995 27.7670981246529 28.1969212010364 21.0771952275208 25.7255174008556 27.7008310249307 33.331831899464 25.109569028488 24.6229609110496 30.8630068284403 25.5102040816327 25.7210322145387 26.6727632982777 29.3575219240468 25.390625 22.7694383538539 25.6895619253651 24.6770213383655 27.681660899654 27.3356401384083 22.4058769513315 21.09375 23.9394809920521 22.3214285714286 35.8326614709308 34.8087496538903 29.4117647058824 31.1845871246102 30.8328938293643 24.8015873015873 19.0519737844841 24.0344071512903 18.9387755102041 28.6287923854848 29.0532879818594 25.5588462006572 25.4028160836116 34.6666666666667 28.9351851851852 21.7775533392248 25.9909031838856 24.7245200085467 26.2975778546713 24.3865264441396 33.7822620602676 38.28125 23.0300453514739 32.1799307958478 27.9155188246097 32.3939099449304 23.2550186382135 26.7755102040816 22.640864624717 26.8135904499541 27.7742709253882 21.8870763653774 21.9713358572201 22.4323025156225 23.301094832264 23.1833910034602 29.7458085451595 26.8351800554017 28.4055043555107 35.15625 24.6710526315789 27.120315581854 22.6757369614512 34.1748899995728 28.6688924372188 27.1808999081726 25.3934311203181 28.6989795918367 18.3654729109275 29.3657633502506 31.25 24.1115074646585 23.828125 27.7769108329952 25.3154542937384 22.038567493113 19.2570288155177 24.6530314097882 24.609375 34.7807379253469 24.2122933884298 24.021275987303 26.9896193771626 31.1418685121107 28.515625 30.4866850321396 24.4351866688031 24.0493435943866 21.3068181818182 19.8176773682124 27.5482093663912 31.1111111111111 28.4444444444444 26.2965668371074 21.484375 27.4285714285714 26.4462809917355 24.3417582863402 30.0568106751222 32.8731097961867 33.3205177495835 25 28.3737024221453 30.4705215419501 27.8876170655567 30.4229678638941 21.3859363528999 19.0311418685121 27.3099681383705 20.2395007589813 22.2040816326531 31.1791383219955 35.058864265928 27.34375 19.53125 25.2993759487266 37.3702422145329 34.2449905132121 26.6666666666667 28.734693877551 34.0866052266128 30.4611183081825 21.9773511187082 26.0043827611395 32.2830578512397 26.528510346119 33.1632653061225 33.3061224489796 19.4931773879142 24.2809753428405 29.4075963718821 31.6345819991513 31.0445580715851 25.013520822066 24.9107674003569 31.6117732496049 28.7104793249536 27.7008310249307 27.3981756824485 31.8877551020408 29.0174471992654 29.0005948839976 35.79604578564 35.2043036272299 23.3066800530675 33.2478769427976 31.1950948402596 25.6837098692033 18.8267934998018 23.6202879121581 23.9512265931195 18.1154127100073 27.0051309748852 34.8943985307622 26.1961873500821 22.4913494809689 29.320987654321 36.2640330234173 24.3046178773967 23.046875 24.3141239657425 28.3937263385614 24.2214532871972 25.8064516129032 27.1816300864132 24.441802087462 24.8970602317342 40.9006577837747 25.0399187109885 26.8612069228656 25.2493372048984 22.8373702422145 25.2092013584959 29.5525494276795 25.2595155709343 21.1388558594266 28.4011110764333 26.1426884803508 22.1002895900015 32.4074074074074 35.5555555555556 29.4107349182452 22.0603537981269 25.9094569517874 37.044745057232 26.2595847484332 28.2283864654296 31.6242199359082 25.8805706350208 23.2434080170706 26.3656030286641 24.0882231171666 27.8851873884593 31.6373966942149 33.6949375410914 30.0408163265306 27.0992510068125 25.2080856123662 23.8751147842057 22.3081499107674 32.4619113573407 31.5555555555556 28.5664819944598 22.65625 28.90625 27.734375 23.6652443615762 28.353057199211 30.7394166193324 28.7317468902109 24.034609838167 30.2222222222222 31.2174817898023 27.2173029467267 25.7959183673469 28.075042938301 31.2487638938333 22.8571428571429 20.7756232686981 23.7118446309609 33.802055164954 29.7619047619048 30.078125 35.5998576005696
DM, numeric, 0 1
HTN, numeric, 1 0
Current Smoker, numeric, 1 0
EX-Smoker, numeric, 0 1
FH, numeric, 0 1
Obesity, character, Y N
CRF, character, N Y
CVA, character, N Y
Airway disease, character, N Y
Thyroid Disease, character, N Y
CHF, character, N Y
DLP, character, Y N
BP, numeric, 110 140 100 118 130 90 170 150 120 115 160 135 180 190 105 125 132
PR, numeric, 80 100 70 50 84 74 76 60 75 82 64 68 90 110 65 78 95 72 88 86 85
Edema, numeric, 0 1
Weak Peripheral Pulse, character, N Y
Lung rales, character, N Y
Systolic Murmur, character, N Y
Diastolic Murmur, character, N Y
Typical Chest Pain, numeric, 0 1
Dyspnea, character, N Y
Function Class, numeric, 0 3 2 1
Atypical, character, N Y
Nonanginal, character, N Y
Exertional CP, character, N
LowTH Ang, character, N Y
Q Wave, numeric, 0 1
St Elevation, numeric, 0 1
St Depression, numeric, 1 0
Tinversion, numeric, 1 0
LVH, character, N Y
Poor R Progression, character, N Y
BBB, character, N LBBB RBBB
FBS, numeric, 90 80 85 78 104 86 130 69 209 101 170 183 213 218 65 84 240 227 99 154 180 71 94 192 120 225 201 89 83 95 230 153 62 106 140 105 190 77 123 210 70 97 88 125 96 92 110 109 115 191 103 146 72 196 175 270 145 124 91 187 112 111 87 114 98 102 79 136 113 167 100 184 197 320 156 119 400 75 174 127 168 200 139 144 82 194 160 117 131 360 142 108 260 300 161 234 171 76 93 164 122 258 219 212 377 141 126 151 208 232 256 121 202
CR, numeric, 0.7 1 1.2 0.8 0.9 0.6 1.3 1.1 1.9 1.5 1.15 0.5 1.4 2.2 1.8 2 1.6 1.7
TG, numeric, 250 309 103 63 170 139 83 80 79 160 104 235 358 125 130 69 114 230 106 247 74 190 84 140 340 168 282 177 167 242 240 198 101 90 204 300 224 123 310 99 305 75 110 216 115 180 85 82 132 96 171 126 77 290 238 76 65 72 200 70 210 50 102 89 62 260 98 95 149 118 94 92 100 105 173 117 122 145 259 447 301 116 162 163 67 159 128 142 371 124 97 381 144 219 1050 174 127 129 93 146 245 195 81 148 136 161 88 152 37 150 52 120 112 236 304 41 43 108 86 131 78 222 470 64 111 281 399 143 157 166 141 46 209 388 680 55 172 244 151 373 292 158 221 227 450 147 205
LDL, numeric, 155 121 70 55 110 119 85 90 101 112 148 118 130 91 93 82 137 139 99 140 107 83 163 117 156 113 167 88 166 94 98 122 131 153 104 77 199 171 97 120 75 78 145 170 100 89 80 124 142 168 96 157 114 111 203 232 144 39 40 69 180 152 43 60 92 56 66 72 213 106 87 136 76 52 129 42 71 150 30 103 115 64 146 58 68 65 18 49 47 158 36 172 116 57 108 125 81 86 79 50 190 95 173 67 135 141 160 147 128 127
HDL, numeric, 30 36 45 27 50 34 55 59 44 33 25 32 22 31 46 42 35 43 57 40 39 53 47 41 54 37 56 52 49 66 24 51 61 28 26 29 38 60 48 18 82 64 67 111 83 15.9 23
BUN, numeric, 8 30 17 16 13 12 19 15 18 20 11 14 23 10 22 24 26 36 25 21 9 33 39 43 52 6 38 28 31 32 27 40 41
ESR, numeric, 7 26 10 76 27 18 38 4 5 8 11 47 80 31 19 13 12 17 22 9 20 2 6 25 58 46 90 34 3 36 15 51 1 21 50 33 14 49 32 40 16 66 30 23 37 39 69 41 29 55 42 28 24 67 45 56 64 68
HB, numeric, 15.6 13.9 13.5 12.1 13.2 14.1 16.1 11.6 14.5 10 12.3 14.3 12.9 13.3 11.4 13 13.1 12.4 15.4 14.9 12.7 14.8 14.4 12.6 12 13.6 11 13.4 15 10.7 11.5 14 11.2 13.7 12.2 15.3 15.2 12.8 13.8 14.6 15.8 14.2 15.1 17.2 8.9 15.7 16.6 15.5 9.4 12.5 11.8 10.8 11.9 11.1 14.7 9.9 16 10.5 17.6 17 9 16.5 15.9 11.3 17.5 10.1
K, numeric, 4.7 4.4 4 4.2 4.8 4.3 3.4 4.6 4.5 3.5 3.8 3.6 4.9 5 3.2 5.1 3.9 5.4 4.1 3.3 3.7 6.6 5.3 5.6 3.1 5.2 3
Na, numeric, 141 156 139 142 140 128 148 146 145 143 135 138 144 149 150 130 136 131 152 132 134 153 137 147 133
WBC, numeric, 5700 7700 7400 13000 9200 7300 9400 12200 5100 4900 5800 11000 11300 8100 6400 12100 7800 3700 5300 6500 5600 7600 9600 9300 5900 6900 12400 6600 6800 10000 6000 18000 8000 6100 6700 7100 7900 14000 10900 5000 7200 7500 4200 7000 5400 5200 5500 14500 6300 4100 8900 4500 9900 8500 8800 11400 4700 9500 9100 8600 9000 17000 15400 10400 6200 8700 8300 14700 16000 4600 10300 9800 8200 4800 11500 17800 8400 3800
Lymph, numeric, 39 38 18 55 26 58 25 49 44 31 60 30 48 35 45 40 34 32 28 22 29 50 41 33 59 19 42 17 21 36 27 23 15 37 10 16 43 8 12 7 20 13 52 11 46 47 53 24 54 9
Neut, numeric, 52 55 60 72 39 66 33 74 50 42 70 65 68 63 48 40 53 58 45 35 41 49 76 67 78 56 54 59 32 51 47 82 61 62 71 73 75 81 46 86 77 64 85 44 57 80 69 83 84 38 79 89
PLT, numeric, 261 165 230 742 274 194 292 410 370 380 201 290 254 217 280 199 180 227 184 190 192 245 260 198 178 289 156 210 189 340 208 295 330 118 222 332 174 172 262 221 182 253 186 188 185 392 252 339 350 218 301 213 212 170 224 171 232 297 265 216 145 173 191 215 214 211 179 281 244 300 200 158 228 183 242 246 226 247 240 195 207 223 177 234 175 250 241 259 161 275 181 267 160 197 209 263 131 129 308 354 269 309 187 225 220 256 25 193 249 257 273 236 166 264 233 149 278 169 159 283 266 176 238 293 205 243 196 336 270 360 294 251 377 279 302
EF-TTE, numeric, 50 40 55 45 25 30 35 60 20 46 15
Region RWMA, numeric, 0 4 2 3 1
VHD, character, N mild Severe Moderate
Cath, character, Cad Normal
